world: e35e7543-3d1b-4888-b89c-30ae5e3adc7b
world-name: Building
x: -197.09232790163966
y: -60.0
z: -152.66911665507513
yaw: -45.1998291015625
pitch: 18.8990535736084
name: Adara'sRedstoneCrap
lastowner: 35a35799-d04d-4596-a11f-89d5411630cc
