world: acab6e3d-a2bf-4d99-a462-83451bfa0c98
world-name: Flatworld
x: -961.6410505336544
y: 133.0
z: -1204.4113397489268
yaw: 89.18252563476562
pitch: -0.5959292054176331
name: airshiphangar
lastowner: 2f6ed482-0009-4f83-9abb-595b5339facf
