world: acab6e3d-a2bf-4d99-a462-83451bfa0c98
world-name: Flatworld
x: -905.8508952189214
y: 162.5
z: -833.9042984593896
yaw: 65.99971008300781
pitch: 0.5998108386993408
name: aureus
lastowner: 35a35799-d04d-4596-a11f-89d5411630cc
