world: acab6e3d-a2bf-4d99-a462-83451bfa0c98
world-name: Flatworld
x: -1504.0388985449629
y: 236.1875
z: -561.929190644053
yaw: -83.08364868164062
pitch: 33.69096755981445
name: aureusandkhanate
lastowner: 2f6ed482-0009-4f83-9abb-595b5339facf
