world: acab6e3d-a2bf-4d99-a462-83451bfa0c98
world-name: Flatworld
x: -1019.6504168246682
y: 211.0
z: -830.4877638187288
yaw: -83.01972961425781
pitch: 49.55242156982422
name: aureusships
lastowner: 2f6ed482-0009-4f83-9abb-595b5339facf
