world: e35e7543-3d1b-4888-b89c-30ae5e3adc7b
world-name: Building
x: -1047.4205445008554
y: -60.0
z: -1079.9872282606466
yaw: -34.69649124145508
pitch: 17.6983699798584
name: AuroraStaff
lastowner: 07031015-7481-459b-acbc-043139414227
