world: acab6e3d-a2bf-4d99-a462-83451bfa0c98
world-name: Flatworld
x: -1016.2744378423723
y: 97.0
z: 213.72455393604838
yaw: 79.58186340332031
pitch: 33.92030334472656
name: babylon
lastowner: 2f6ed482-0009-4f83-9abb-595b5339facf
