world: acab6e3d-a2bf-4d99-a462-83451bfa0c98
world-name: Flatworld
x: -2395.4308337880743
y: 96.0
z: -326.1013722060124
yaw: 61.266815185546875
pitch: 34.911781311035156
name: basicairships
lastowner: 2f6ed482-0009-4f83-9abb-595b5339facf
