world: acab6e3d-a2bf-4d99-a462-83451bfa0c98
world-name: Flatworld
x: -147.81659858896904
y: 76.0
z: -1562.3112640652544
yaw: 113.339111328125
pitch: 27.822368621826172
name: bigships
lastowner: 2f6ed482-0009-4f83-9abb-595b5339facf
