world: acab6e3d-a2bf-4d99-a462-83451bfa0c98
world-name: Flatworld
x: -1172.4735683186545
y: 217.0
z: -1179.8521259648696
yaw: 169.8794403076172
pitch: 47.98081588745117
name: caeli
lastowner: 2f6ed482-0009-4f83-9abb-595b5339facf
