world: acab6e3d-a2bf-4d99-a462-83451bfa0c98
world-name: Flatworld
x: -2419.466258380677
y: 221.5
z: -109.48220678930967
yaw: 129.80670166015625
pitch: 36.49791717529297
name: castleinthesky
lastowner: 2f6ed482-0009-4f83-9abb-595b5339facf
