world: ae3e865d-f7e1-4950-88cb-9e5694446bfd
world-name: Chorus
x: 4405.281581962228
y: 82.0
z: -588.5004521258077
yaw: 173.38063049316406
pitch: -7.799973011016846
name: Chorus
lastowner: 07031015-7481-459b-acbc-043139414227
