world: e35e7543-3d1b-4888-b89c-30ae5e3adc7b
world-name: Building
x: -154.30296640538816
y: -60.0
z: -387.8203591239542
yaw: -124.3492431640625
pitch: 14.998880386352539
name: city
lastowner: 35a35799-d04d-4596-a11f-89d5411630cc
