world: acab6e3d-a2bf-4d99-a462-83451bfa0c98
world-name: Flatworld
x: -597.3339376096164
y: 172.0
z: -86.74491663077936
yaw: -167.40216064453125
pitch: 31.5408878326416
name: containership
lastowner: 2f6ed482-0009-4f83-9abb-595b5339facf
