world: acab6e3d-a2bf-4d99-a462-83451bfa0c98
world-name: Flatworld
x: -791.2674931543165
y: 68.0
z: -1653.300000011921
yaw: -145.88494873046875
pitch: 21.676010131835938
name: desertpvparena
lastowner: 2f6ed482-0009-4f83-9abb-595b5339facf
