world: acab6e3d-a2bf-4d99-a462-83451bfa0c98
world-name: Flatworld
x: -595.8853450094282
y: 84.0
z: -708.4041456360267
yaw: -154.8585205078125
pitch: 21.59602928161621
name: desertoutpost
lastowner: 2f6ed482-0009-4f83-9abb-595b5339facf
