world: acab6e3d-a2bf-4d99-a462-83451bfa0c98
world-name: Flatworld
x: -690.7252753877766
y: 98.0
z: -17.0619737381918
yaw: 86.98104095458984
pitch: 32.13562774658203
name: desertwall
lastowner: 2f6ed482-0009-4f83-9abb-595b5339facf
