world: acab6e3d-a2bf-4d99-a462-83451bfa0c98
world-name: Flatworld
x: -406.7720400698255
y: 67.0
z: -1072.7093689066194
yaw: -11.689483642578125
pitch: 29.83141326904297
name: dragonboats
lastowner: 2f6ed482-0009-4f83-9abb-595b5339facf
