world: acab6e3d-a2bf-4d99-a462-83451bfa0c98
world-name: Flatworld
x: -333.8054624222382
y: 76.0
z: 53.17287596013756
yaw: 117.84909057617188
pitch: 42.84239196777344
name: epikstarfort
lastowner: 2f6ed482-0009-4f83-9abb-595b5339facf
