world: acab6e3d-a2bf-4d99-a462-83451bfa0c98
world-name: Flatworld
x: -928.1685668134045
y: 56.0
z: -345.10260557143505
yaw: 169.2641143798828
pitch: 4.575841903686523
name: examplebase
lastowner: 2f6ed482-0009-4f83-9abb-595b5339facf
