world: e35e7543-3d1b-4888-b89c-30ae5e3adc7b
world-name: Building
x: -633.2074328131783
y: -33.0
z: -490.45808945052954
yaw: 89.18697357177734
pitch: -1.500199794769287
name: fighting23
lastowner: 15ddbb43-dcf0-487c-bd94-183f5c5b6b47
