world: e35e7543-3d1b-4888-b89c-30ae5e3adc7b
world-name: Building
x: -104.60973572937374
y: -54.0
z: -757.5418207137641
yaw: -90.01072692871094
pitch: 3.1497914791107178
name: Fire
lastowner: 47420b21-5a8c-4156-991d-b268d64f4817
