world: e35e7543-3d1b-4888-b89c-30ae5e3adc7b
world-name: Building
x: -104.06167608439988
y: -60.0
z: 53.640107070436954
yaw: -73.3740234375
pitch: 1.8372726440429688
name: flying
lastowner: 91c9590d-6dd7-461d-ae77-dde3c8b74184
