world: acab6e3d-a2bf-4d99-a462-83451bfa0c98
world-name: Flatworld
x: -196.1983654492911
y: 108.0
z: -2642.4849570613947
yaw: -49.313079833984375
pitch: 24.173595428466797
name: gyroairship
lastowner: 2f6ed482-0009-4f83-9abb-595b5339facf
