world: e35e7543-3d1b-4888-b89c-30ae5e3adc7b
world-name: Building
x: 543.4245261829611
y: -60.0
z: -18.180254092491737
yaw: -0.4810410737991333
pitch: 5.099523544311523
name: Ice
lastowner: 47420b21-5a8c-4156-991d-b268d64f4817
