world: acab6e3d-a2bf-4d99-a462-83451bfa0c98
world-name: Flatworld
x: -1778.176957272552
y: 107.0
z: -832.9236316924541
yaw: -28.41827392578125
pitch: 21.001380920410156
name: junglecastle
lastowner: 2f6ed482-0009-4f83-9abb-595b5339facf
