world: acab6e3d-a2bf-4d99-a462-83451bfa0c98
world-name: Flatworld
x: -977.2205715794166
y: 188.0
z: -1012.8619180474944
yaw: -104.17218017578125
pitch: 29.13037872314453
name: junkership
lastowner: 2f6ed482-0009-4f83-9abb-595b5339facf
