world: acab6e3d-a2bf-4d99-a462-83451bfa0c98
world-name: Flatworld
x: -1022.2475976016054
y: 198.0
z: -632.2417222516706
yaw: -88.03921508789062
pitch: 34.08719253540039
name: khanatecarrier
lastowner: 2f6ed482-0009-4f83-9abb-595b5339facf
