world: acab6e3d-a2bf-4d99-a462-83451bfa0c98
world-name: Flatworld
x: -950.7477845343902
y: 88.0
z: -779.1487848109269
yaw: 127.74386596679688
pitch: 35.27679443359375
name: movingcity
lastowner: 2f6ed482-0009-4f83-9abb-595b5339facf
