world: acab6e3d-a2bf-4d99-a462-83451bfa0c98
world-name: Flatworld
x: -1250.5894301177914
y: 56.0
z: 487.35740917010247
yaw: 112.29679107666016
pitch: 27.179014205932617
name: palisade
lastowner: 2f6ed482-0009-4f83-9abb-595b5339facf
