world: acab6e3d-a2bf-4d99-a462-83451bfa0c98
world-name: Flatworld
x: -1130.3720310893684
y: 105.5
z: 248.08439040205783
yaw: -141.42929077148438
pitch: 30.35139274597168
name: planes
lastowner: 2f6ed482-0009-4f83-9abb-595b5339facf
