world: 5fb77394-ba46-48bc-8663-f4547a6b62fc
world-name: ROCKGYM
x: 115.35523791206361
y: 66.0
z: 31.179695675944288
yaw: 89.74826049804688
pitch: 8.272786140441895
name: ROCK
lastowner: 5bdb0f13-5547-4c5e-9dce-b0422ebf7b84
