world: acab6e3d-a2bf-4d99-a462-83451bfa0c98
world-name: Flatworld
x: -930.1862763307951
y: 56.0
z: -703.4513130277518
yaw: 9.970072746276855
pitch: -0.8086893558502197
name: ruinedcastle
lastowner: 2f6ed482-0009-4f83-9abb-595b5339facf
