world: acab6e3d-a2bf-4d99-a462-83451bfa0c98
world-name: Flatworld
x: -581.1929977495798
y: 56.0
z: -1760.8617427569654
yaw: 26.765228271484375
pitch: 9.079207420349121
name: rustichouse
lastowner: 2f6ed482-0009-4f83-9abb-595b5339facf
