world: acab6e3d-a2bf-4d99-a462-83451bfa0c98
world-name: Flatworld
x: -1315.676985845016
y: 56.0
z: -14.09882139149084
yaw: -161.25662231445312
pitch: 11.51545524597168
name: slumville
lastowner: 2f6ed482-0009-4f83-9abb-595b5339facf
