world: e35e7543-3d1b-4888-b89c-30ae5e3adc7b
world-name: Building
x: -2197.712252128156
y: -20.5
z: -2578.4988630771277
yaw: 89.32722473144531
pitch: 22.79944610595703
name: Steel
lastowner: 0d412361-7f00-4f9b-a4f6-55ab2a0adc4a
