world: acab6e3d-a2bf-4d99-a462-83451bfa0c98
world-name: Flatworld
x: -1687.596653835163
y: 72.1875
z: -1142.9712114927436
yaw: 93.54476165771484
pitch: 27.09739112854004
name: tinyboat
lastowner: 2f6ed482-0009-4f83-9abb-595b5339facf
