world: acab6e3d-a2bf-4d99-a462-83451bfa0c98
world-name: Flatworld
x: -349.50405270768806
y: 68.0
z: 128.7239625592676
yaw: -55.04437255859375
pitch: 24.40315055847168
name: tinystarfort
lastowner: 2f6ed482-0009-4f83-9abb-595b5339facf
