world: e35e7543-3d1b-4888-b89c-30ae5e3adc7b
world-name: Building
x: 80.15293230455687
y: -60.0
z: -1394.0614269799762
yaw: -86.93115234375
pitch: 36.59938049316406
name: towershit
lastowner: 35a35799-d04d-4596-a11f-89d5411630cc
